0.0000374
0.0054242
0.0016542
0.0000504
10.8846000
0.0000495
0.0519958
0.0000501
0.0000521
0.0000504
0.0000499
0.0000500
0.0253179
0.1282100
107.3540000
13.1971000
0.2181110
0.3703130
0.0232752
0.3583310
705.6120000
0.3905880
0.1910710
0.1231610
0.2516710
0.0083985
0.0000480
0.1948720
4.2556400
0.0430694
135.0150000
5.7038300
20.5436000
0.4925650
1532.9100000
135.5720000
0.0930101
4.2874200
5.7261800
0.0000406
0.2526290
5.2572500
0.2286550
2.3592100
0.9427420
0.1723030
0.1546750
0.2904020
0.1290640
0.1452160
0.3033310
0.0320442
2.2019600
0.0931455
0.2197370
0.0634612
22.2964000
0.0000193
0.2222430
0.0205564
0.0003011
5.0528000
0.0549317
0.0159803
0.2419140
18.6191000
0.0000126
0.0000312
0.0000509
0.0602821
0.1121650
0.5351000
0.0184819
2.4087200
0.2618850
2.5677500
41.8567000
0.1023280
8.9850400
0.1571680
0.1534030
0.1898720
18.1549000
0.0042083
0.0563921
0.0067441
0.0005933
0.0045033
0.0458637
0.0741539
0.2112720
0.0001230
0.0413193
0.0297210
0.0062672
0.0053480
0.0001342
0.0613886
0.2414840
0.2758310
0.1503160
0.2880990
0.1948350
0.1517870
0.2029460
1.4937900
9.3006900
0.1993680
3.7472800
0.1383110
0.0000993
0.0001022
0.5448460
0.5401280
0.5778160
0.1597350
0.2875620
0.3072160
19.4202000
2.3470100
0.2718730
0.1520670
175.2130000
0.1511610
